TITL MRMNAN in C2/c #15
CELL 0.71073 46.8743 13.1 21.7852 90 105.208 90
ZERR 8 0.0016 0.0004 0.0007 0 0.002 0
LATT 7
SYMM -X,+Y,0.5-Z

SFAC C H O P S Pt Cl
UNIT 576 416 16 32 16 8 1


L.S. 4 0 0 511
PLAN  20
SIZE 0.15 0.18 0.61
TEMP 22.85
REM reset to C2/c #15
BOND 
fmap 2
REM <HKL>C:\Documents%20and%20Settings\laby208\Desktop\Personal%20Folders\Mela
REM nie\MRMNAN\MRMNAN.hkl</HKL>
WGHT 0.1456 661.02063
FVAR 0.02585

Pt1   6     0.37099  0.73267  0.83782  11.00000  0.01160 
P2    4     0.33005  0.64388  0.77832  11.00000  0.01402 
O3    3     0.49475  0.94021  0.91144  11.00000  0.00001 
P4    4     0.37449  0.69564  0.94386  11.00000  0.01262 
P5    4     0.40976  0.66987  0.80111  11.00000  0.01389 
O6    3     0.35148  0.28854  0.92162  11.00000  0.00001 
P8    4     0.37168  0.91038  0.83174  11.00000  0.01399 
C     1     0.45625  0.78531  0.86799  11.00000  0.01685 
S     5     0.43644  0.85929  0.83665  11.00000  0.04892 
S0AA  5     0.34345  0.50963  0.89648  11.00000  0.04778 
C4    1     0.44679  0.68453  0.85661  11.00000  0.01510 
C5    1     0.41934  0.73002  0.73213  11.00000  0.01713 
C7    1     0.34167  0.70006  0.97527  11.00000  0.01511 
C8    1     0.36927  0.48574  0.94295  11.00000  0.01559 
C9    1     0.50257  0.73336  0.93578  11.00000  0.01942 
AFIX 43
H9    2     0.52106  0.74896  0.96239  11.00000 -1.20000 
AFIX 0
C10   1     0.35886  0.97197  0.75319  11.00000  0.01641 
C11   1     0.41063  0.53387  0.78063  11.00000  0.01678 
C0AA  1     0.40080  0.77166  1.00452  11.00000  0.01628 
C13   1     0.31884  0.76765  0.94767  11.00000  0.01902 
AFIX 43
H13   2     0.31995  0.80520  0.91213  11.00000 -1.20000 
AFIX 0
C14   1     0.32085  0.66103  0.69104  11.00000  0.01787 
C15   1     0.33226  0.50271  0.78194  11.00000  0.01719 
C16   1     0.48395  0.81177  0.90579  11.00000  0.01586 
C17   1     0.37635  0.38490  0.96053  11.00000  0.01826 
C18   1     0.46638  0.60879  0.88761  11.00000  0.02258 
AFIX 43
H18   2     0.46075  0.54063  0.88196  11.00000 -1.20000 
AFIX 0
C19   1     0.43396  0.94680  0.87041  11.00000  0.01594 
C20   1     0.34711  0.97625  0.87261  11.00000  0.01892 
C3BA  1     0.38695  0.56647  0.97141  11.00000  0.01559 
C3    1     0.40564  0.98447  0.86649  11.00000  0.01704 
C8AA  1     0.33932  0.45246  0.84076  11.00000  0.01686 
C1BA  1     0.41127  0.49883  0.72063  11.00000  0.02122 
AFIX 43
H1BA  2     0.41156  0.54586  0.68882  11.00000 -1.20000 
AFIX 0
C1AA  1     0.45984  0.99737  0.90364  11.00000  0.01905 
C7AA  1     0.39988  0.79697  0.69399  11.00000  0.02255 
C4BA  1     0.41252  0.54352  1.02005  11.00000  0.02126 
C6BA  1     0.33908  0.64278  1.02700  11.00000  0.02074 
AFIX 43
H6BA  2     0.35379  0.59609  1.04535  11.00000 -1.20000 
AFIX 0
C7BA  1     0.39433  0.81210  1.05892  11.00000  0.02167 
AFIX 43
H7BA  2     0.37611  0.79899  1.06675  11.00000 -1.20000 
AFIX 0
C8BA  1     0.29357  0.66372  0.79138  11.00000  0.02160 
C4AA  1     0.40464  1.08247  0.89394  11.00000  0.02120 
AFIX 43
H4AA  2     0.38632  1.11218  0.89102  11.00000 -1.20000 
AFIX 0
C5AA  1     0.44687  0.71171  0.72077  11.00000  0.02533 
C2BA  1     0.40947  0.46185  0.82754  11.00000  0.02216 
AFIX 43
H2BA  2     0.40837  0.48350  0.86750  11.00000 -1.20000 
AFIX 0
C2AA  1     0.42990  1.13533  0.92485  11.00000  0.02306 
AFIX 43
H2AA  2     0.42833  1.19988  0.94143  11.00000 -1.20000 
AFIX 0
C9AA  1     0.33689  0.28679  0.79043  11.00000  0.02309 
C6AA  1     0.45464  0.76265  0.67096  11.00000  0.03356 
C3AA  1     0.45795  1.09153  0.93122  11.00000  0.02207 
AFIX 43
H3AA  2     0.47496  1.12530  0.95360  11.00000 -1.20000 
AFIX 0
C0BA  1     0.33583  0.92519  0.70845  11.00000  0.02255 
C2    1     0.34167  0.34619  0.84545  11.00000  0.01961 
C7CA  1     0.31455  0.65417  1.05216  11.00000  0.02458 
AFIX 43
H7CA  2     0.31319  0.61572  1.08716  11.00000 -1.20000 
AFIX 0
C9BA  1     0.33005  0.33554  0.73228  11.00000  0.02599 
C3CA  1     0.49379  0.63305  0.92627  11.00000  0.02248 
AFIX 43
H3CA  2     0.50647  0.58130  0.94611  11.00000 -1.20000 
AFIX 0
C1CA  1     0.41971  0.44172  1.03835  11.00000  0.02300 
C8CA  1     0.36966  1.06537  0.73735  11.00000  0.02014 
C9CA  1     0.28412  0.76381  0.79687  11.00000  0.03089 
C0DA  1     0.34370  0.64492  0.66121  11.00000  0.02449 
C1DA  1     0.31944  1.01573  0.84102  11.00000  0.02664 
AFIX 43
H1DA  2     0.31330  1.01255  0.79686  11.00000 -1.20000 
AFIX 0
C12   1     0.29345  0.69519  0.65424  11.00000  0.02827 
C2DA  1     0.35497  0.98199  0.93961  11.00000  0.02517 
AFIX 43
H2DA  2     0.37305  0.95556  0.96250  11.00000 -1.20000 
AFIX 0
C4CA  1     0.42774  0.79211  0.99394  11.00000  0.02255 
AFIX 43
H4CA  2     0.43202  0.76690  0.95745  11.00000 -1.20000 
AFIX 0
C3DA  1     0.31196  0.69940  0.56017  11.00000  0.03019 
C0CA  1     0.32716  0.44149  0.72730  11.00000  0.02296 
C4DA  1     0.32314  0.97188  0.64987  11.00000  0.02880 
C5CA  1     0.44239  0.88929  1.09037  11.00000  0.02758 
AFIX 43
H5CA  2     0.45639  0.92772  1.11933  11.00000 -1.20000 
AFIX 0
C6CA  1     0.44904  0.85035  1.03705  11.00000  0.02744 
AFIX 43
H6CA  2     0.46741  0.86250  1.02971  11.00000 -1.20000 
AFIX 0
C2CA  1     0.40151  0.36231  1.00879  11.00000  0.02451 
C8EA  1     0.29237  0.72294  1.02462  11.00000  0.02591 
AFIX 43
H8EA  2     0.27612  0.73091  1.04116  11.00000 -1.20000 
AFIX 0
C7DA  1     0.41149  0.39455  0.70718  11.00000  0.02792 
AFIX 43
H7DA  2     0.41201  0.37237  0.66693  11.00000 -1.20000 
AFIX 0
C5DA  1     0.40997  0.35824  0.81440  11.00000  0.02849 
AFIX 43
H5DA  2     0.40965  0.31099  0.84607  11.00000 -1.20000 
AFIX 0
C0FA  1     0.33373  1.06546  0.63522  11.00000  0.02772 
C8DA  1     0.28910  0.71413  0.58936  11.00000  0.03421 
C6DA  1     0.41091  0.32436  0.75477  11.00000  0.02837 
AFIX 43
H6DA  2     0.41117  0.25475  0.74654  11.00000 -1.20000 
AFIX 0
C1FA  1     0.35747  1.11176  0.67903  11.00000  0.02617 
C9EA  1     0.41500  0.87155  1.10111  11.00000  0.02899 
AFIX 43
H9EA  2     0.41045  0.89952  1.13662  11.00000 -1.20000 
AFIX 0
C9DA  1     0.33892  0.66353  0.59648  11.00000  0.03089 
C0EA  1     0.43509  0.82983  0.63263  11.00000  0.03447 
C1EA  1     0.40777  0.84748  0.64319  11.00000  0.03156 
C2EA  1     0.27402  0.58246  0.79341  11.00000  0.03354 
C5EA  1     0.33649  1.02583  0.97186  11.00000  0.03470 
AFIX 43
H5EA  2     0.34236  1.02991  1.01602  11.00000 -1.20000 
AFIX 0
C6EA  1     0.30933  1.06370  0.93911  11.00000  0.03579 
AFIX 43
H6EA  2     0.29679  1.09196  0.96128  11.00000 -1.20000 
AFIX 0
C7EA  1     0.30078  1.05989  0.87423  11.00000  0.03820 
AFIX 43
H7EA  2     0.28259  1.08658  0.85218  11.00000 -1.20000 
AFIX 0
C4EA  1     0.24629  0.60088  0.80254  11.00000  0.04823 

C1    1     0.27165  0.37316  0.88997  11.00000  0.00001 

C7GA  1     0.24925  0.49651  0.97795  11.00000  0.00001 

C6GA  1     0.50885  0.65530  1.08618  11.00000  0.00001 

C4GA  1     0.23797  0.72247  0.81091  11.00000  0.08545 
C5GA  1     0.25576  0.78135  0.80358  11.00000  0.04995 
C5BA  1     0.29457  0.77990  0.97216  11.00000  0.02523 
AFIX 43
H5BA  2     0.27978  0.82615  0.95353  11.00000 -1.20000 
AFIX 0
HKLF 4
END

