TITL MRMNEa in P21 #4
CELL 1.54184 8.669665 15.44173 11.948243 90 99.6997 90
ZERR 3 0.000281 0.000551 0.000428 0 0.0032 0
LATT -1
SYMM -X,0.5+Y,-Z

SFAC C H O P S Cl Ag
UNIT 90 138 3 6 3 3 3


L.S. 16 0 0 511
PLAN  20
REM reset to P21 #4
BOND 
fmap 2
REM <HKL>D:/Xray/Spencer/MRMNE/struct/olex2_MRMNEa/MRMNEa.hkl</HKL>
WGHT 0.1087 1.5245
FVAR 7.10831

Ag1   7     0.33034  0.12125  0.16145  11.00000  0.02559  0.01824  0.01778 =
 0.00008  0.00467  0.00268 
P2    4     0.19451  0.25842  0.12237  11.00000  0.02330  0.01360  0.01392 =
 -0.00041  0.00296  0.00094 
P3    4     0.46684  0.06103  0.33898  11.00000  0.02243  0.01653  0.01723 =
 0.00075  0.00312  0.00334 
S4    5     0.06994  0.24901  0.56619  11.00000  0.03106  0.03100  0.01836 =
 0.00217  0.01223  0.00656 
Cl5   6     0.32029  0.01983 -0.00175  11.00000  0.05434  0.03295  0.02602 =
 -0.01079 -0.00240  0.01350 
C4    1     0.42255  0.11330  0.46874  11.00000  0.02452  0.01266  0.01923 =
 -0.00091  0.00598  0.00167 
C5    1     0.12153  0.26259  0.34685  11.00000  0.01686  0.00857  0.01849 =
 -0.00516 -0.00421  0.00404 
O6    3     0.19139  0.18063  0.36252  11.00000  0.02514  0.01488  0.01456 =
 -0.00387  0.00240  0.00026 
C8    1     0.34923  0.18337  0.67154  11.00000  0.03146  0.02275  0.01383 =
 -0.00208  0.00918 -0.00313 
AFIX 43
H8    2     0.32348  0.20637  0.73794  11.00000 -1.20000 
AFIX 0
C11   1     0.10794  0.30373  0.24128  11.00000  0.02319  0.01807  0.01873 =
 -0.00484  0.00426  0.00241 
C14   1     0.25146  0.19812  0.56656  11.00000  0.02205  0.02163  0.01551 =
 0.00189  0.00225 -0.00368 
C15   1     0.48390  0.13443  0.67530  11.00000  0.03741  0.02229  0.02541 =
 0.00687  0.00129 -0.00184 
C16   1     0.68487  0.07303  0.34347  11.00000  0.02869  0.03718  0.03243 =
 0.00164 -0.00091  0.00127 
C18   1     0.26445  0.42356  0.02415  11.00000  0.04150  0.02315  0.03104 =
 0.00910  0.00692 -0.00517 
AFIX 137
H18a  2     0.19767  0.40438 -0.04369  11.00000 -1.50000 
H18b  2     0.34621  0.45934  0.00419  11.00000 -1.50000 
H18c  2     0.20419  0.45628  0.06978  11.00000 -1.50000 
AFIX 0
C19   1     0.28957  0.16516  0.46645  11.00000  0.02112  0.00716  0.01862 =
 0.00025  0.00358 -0.00003 
C20   1     0.71930  0.16813  0.36545  11.00000  0.03386  0.06294  0.05007 =
 -0.00920  0.00647 -0.02124 
AFIX 137
H20a  2     0.64614  0.20230  0.31447  11.00000 -1.50000 
H20b  2     0.82374  0.18067  0.35344  11.00000 -1.50000 
H20c  2     0.70990  0.18178  0.44240  11.00000 -1.50000 
AFIX 0
C21   1    -0.02254  0.37908  0.41601  11.00000  0.02635  0.02920  0.01960 =
 -0.00401  0.00348  0.00649 
AFIX 43
H21   2    -0.06540  0.40363  0.47489  11.00000 -1.20000 
AFIX 0
C22   1     0.58957  0.11965  0.78683  11.00000  0.05255  0.02615  0.02712 =
 -0.00870 -0.01182 -0.00663 
AFIX 137
H22a  2     0.61056  0.17391  0.82562  11.00000 -1.50000 
H22b  2     0.68612  0.09449  0.77355  11.00000 -1.50000 
H22c  2     0.53956  0.08109  0.83262  11.00000 -1.50000 
AFIX 0
C23   1     0.45293  0.30082  0.02367  11.00000  0.04166  0.04045  0.04527 =
 0.00666  0.01880 -0.01043 
AFIX 137
H23a  2     0.50059  0.25212  0.06599  11.00000 -1.50000 
H23b  2     0.53244  0.34145  0.01186  11.00000 -1.50000 
H23c  2     0.39778  0.28143 -0.04843  11.00000 -1.50000 
AFIX 0
C24   1     0.02616  0.38284  0.22774  11.00000  0.03074  0.02328  0.01363 =
 0.00644  0.00701  0.00681 
AFIX 43
H24   2     0.01469  0.41032  0.15757  11.00000 -1.20000 
AFIX 0
C25   1     0.33629  0.34529  0.09101  11.00000  0.02819  0.02674  0.02750 =
 -0.00098  0.00878 -0.00925 
C26   1     0.42824  0.37285  0.20589  11.00000  0.03577  0.02194  0.04458 =
 0.00296 -0.00320 -0.00187 
AFIX 137
H26a  2     0.36485  0.41051  0.24322  11.00000 -1.50000 
H26b  2     0.52142  0.40286  0.19470  11.00000 -1.50000 
H26c  2     0.45626  0.32251  0.25199  11.00000 -1.50000 
AFIX 0
C27   1     0.05602  0.29968  0.43391  11.00000  0.02438  0.02874  0.01757 =
 -0.00196  0.00138  0.00414 
C28   1     0.08732  0.22048 -0.10433  11.00000  0.04166  0.04611  0.00871 =
 -0.00390 -0.00042  0.01173 
AFIX 137
H28a  2     0.13536  0.27108 -0.13004  11.00000 -1.50000 
H28b  2     0.00305  0.20183 -0.16198  11.00000 -1.50000 
H28c  2     0.16358  0.17506 -0.08911  11.00000 -1.50000 
AFIX 0
C29   1     0.79408  0.01642  0.42768  11.00000  0.02424  0.08473  0.05447 =
 0.01932 -0.00112  0.02259 
AFIX 137
H29a  2     0.78452  0.03239  0.50386  11.00000 -1.50000 
H29b  2     0.90021  0.02479  0.41666  11.00000 -1.50000 
H29c  2     0.76586 -0.04335  0.41523  11.00000 -1.50000 
AFIX 0
C32   1     0.51463  0.10110  0.57505  11.00000  0.03507  0.02770  0.02562 =
 -0.00298 -0.00137  0.00585 
AFIX 43
H32   2     0.60435  0.06757  0.57818  11.00000 -1.20000 
AFIX 0
C33   1     0.46066 -0.11221  0.26729  11.00000  0.05833  0.01989  0.03186 =
 -0.00487  0.01004  0.01049 
AFIX 137
H33a  2     0.44075 -0.08373  0.19487  11.00000 -1.50000 
H33b  2     0.40633 -0.16661  0.26233  11.00000 -1.50000 
H33c  2     0.57100 -0.12214  0.28871  11.00000 -1.50000 
AFIX 0
C34   1    -0.03792  0.42172  0.31345  11.00000  0.03393  0.02323  0.02547 =
 0.00368  0.00198  0.00974 
C35   1     0.71484  0.04905  0.22397  11.00000  0.03809  0.06830  0.03507 =
 -0.00174  0.02202  0.00511 
AFIX 137
H35a  2     0.68535 -0.01016  0.20794  11.00000 -1.50000 
H35b  2     0.82392  0.05628  0.22053  11.00000 -1.50000 
H35c  2     0.65394  0.08608  0.16890  11.00000 -1.50000 
AFIX 0
C36   1     0.45381 -0.09491  0.47337  11.00000  0.07539  0.02586  0.02951 =
 0.00803  0.01196  0.00396 
AFIX 137
H36a  2     0.56598 -0.09767  0.48962  11.00000 -1.50000 
H36b  2     0.41144 -0.15231  0.47404  11.00000 -1.50000 
H36c  2     0.41639 -0.06028  0.52993  11.00000 -1.50000 
AFIX 0
C37   1    -0.12212  0.50678  0.29659  11.00000  0.05409  0.02803  0.02692 =
 0.00207  0.00834  0.01597 
AFIX 137
H37a  2    -0.20336  0.50837  0.34211  11.00000 -1.50000 
H37b  2    -0.16738  0.51334  0.21801  11.00000 -1.50000 
H37c  2    -0.04951  0.55307  0.31886  11.00000 -1.50000 
AFIX 0
C39   1    -0.09437  0.31706 -0.02132  11.00000  0.03248  0.03992  0.02678 =
 -0.00668 -0.00683  0.00502 
AFIX 137
H39a  2    -0.13974  0.32915  0.04496  11.00000 -1.50000 
H39b  2    -0.17542  0.30107 -0.08288  11.00000 -1.50000 
H39c  2    -0.04136  0.36771 -0.04191  11.00000 -1.50000 
AFIX 0
C42   1     0.40263 -0.05457  0.35728  11.00000  0.03745  0.02877  0.02408 =
 -0.00562  0.00953 -0.00416 
C47   1     0.02359  0.24193  0.00420  11.00000  0.02900  0.02261  0.01851 =
 -0.00080 -0.00166  0.00273 
C49   1    -0.06214  0.16264  0.04286  11.00000  0.04391  0.04072  0.03674 =
 0.00369  0.00118 -0.01296 
AFIX 137
H49a  2     0.00403  0.11258  0.04546  11.00000 -1.50000 
H49b  2    -0.15697  0.15268 -0.00984  11.00000 -1.50000 
H49c  2    -0.08682  0.17333  0.11700  11.00000 -1.50000 
AFIX 0
C1    1     0.22435 -0.05089  0.33101  11.00000  0.04548  0.03066  0.03173 =
 0.00119  0.01251 -0.02139 
AFIX 137
H1a   2     0.18693 -0.01014  0.38089  11.00000 -1.50000 
H1b   2     0.18228 -0.10718  0.34192  11.00000 -1.50000 
H1c   2     0.19165 -0.03304  0.25369  11.00000 -1.50000 
AFIX 0
HKLF 4
END

